{
 "cells": [
  {
   "cell_type": "markdown",
   "metadata": {},
   "source": [
    "## Homework 5\n",
    "## Yue Yu yy1879\n",
    "### Question 1\n"
   ]
  },
  {
   "cell_type": "code",
   "execution_count": 9,
   "metadata": {
    "collapsed": true
   },
   "outputs": [],
   "source": [
    "import pandas as pd\n",
    "import numpy as np\n",
    "import math\n",
    "import scipy.optimize as optimize"
   ]
  },
  {
   "cell_type": "code",
   "execution_count": 38,
   "metadata": {},
   "outputs": [
    {
     "data": {
      "text/html": [
       "<div>\n",
       "<style>\n",
       "    .dataframe thead tr:only-child th {\n",
       "        text-align: right;\n",
       "    }\n",
       "\n",
       "    .dataframe thead th {\n",
       "        text-align: left;\n",
       "    }\n",
       "\n",
       "    .dataframe tbody tr th {\n",
       "        vertical-align: top;\n",
       "    }\n",
       "</style>\n",
       "<table border=\"1\" class=\"dataframe\">\n",
       "  <thead>\n",
       "    <tr style=\"text-align: right;\">\n",
       "      <th></th>\n",
       "      <th>0</th>\n",
       "    </tr>\n",
       "  </thead>\n",
       "  <tbody>\n",
       "    <tr>\n",
       "      <th>0</th>\n",
       "      <td>0.039070</td>\n",
       "    </tr>\n",
       "    <tr>\n",
       "      <th>1</th>\n",
       "      <td>0.071004</td>\n",
       "    </tr>\n",
       "    <tr>\n",
       "      <th>2</th>\n",
       "      <td>0.012914</td>\n",
       "    </tr>\n",
       "    <tr>\n",
       "      <th>3</th>\n",
       "      <td>0.089385</td>\n",
       "    </tr>\n",
       "    <tr>\n",
       "      <th>4</th>\n",
       "      <td>0.037068</td>\n",
       "    </tr>\n",
       "    <tr>\n",
       "      <th>5</th>\n",
       "      <td>0.061481</td>\n",
       "    </tr>\n",
       "    <tr>\n",
       "      <th>6</th>\n",
       "      <td>0.011021</td>\n",
       "    </tr>\n",
       "  </tbody>\n",
       "</table>\n",
       "</div>"
      ],
      "text/plain": [
       "          0\n",
       "0  0.039070\n",
       "1  0.071004\n",
       "2  0.012914\n",
       "3  0.089385\n",
       "4  0.037068\n",
       "5  0.061481\n",
       "6  0.011021"
      ]
     },
     "execution_count": 38,
     "metadata": {},
     "output_type": "execute_result"
    }
   ],
   "source": [
    "fund1 = pd.read_excel('data.xls',sheetname = 'VBTLX',header=1)\n",
    "fund2 = pd.read_excel('data.xls',sheetname = 'VWILX',header=1)\n",
    "fund3 = pd.read_excel('data.xls',sheetname = 'VGPMX',header=1)\n",
    "fund4 = pd.read_excel('data.xls',sheetname = 'VTSAX',header=1)\n",
    "fund5 = pd.read_excel('data.xls',sheetname = 'VTRIX',header=1)\n",
    "fund6 = pd.read_excel('data.xls',sheetname = 'VGSLX',header=1)\n",
    "fund7 = pd.read_excel('data.xls',sheetname = 'VMRXX',header=1)\n",
    "annualize_m = []\n",
    "fundlist = [fund1,fund2,fund3,fund4,fund5,fund6,fund7]\n",
    "def annualize(r,*args):\n",
    "    q1, q2, q3, q4=args\n",
    "    return (1+q1)*(1+q2)*(1+q3)*(1+q4)-(1+r)\n",
    "for fund in fundlist:\n",
    "    return_v = np.zeros(len(fund))\n",
    "    for i in range(len(fund1)):\n",
    "        x = optimize.fsolve(annualize,0.0000001,args=(fund['Q1'][2018-i],fund['Q2'][2018-i],fund['Q3'][2018-i],fund['Q4'][2018-i]))\n",
    "        return_v[i]=x[0]\n",
    "#         return_v[i]=fund['Q1'][2018-i]+fund['Q2'][2018-i]+fund['Q3'][2018-i]+fund['Q4'][2018-i]\n",
    "    return_v=return_v.reshape(-1,1)\n",
    "    annualize_m.append(return_v)\n",
    "return_m = np.hstack(annualize_m)\n",
    "mean_v=np.mean(return_m,axis=0)\n",
    "pd.DataFrame(mean_v)"
   ]
  },
  {
   "cell_type": "code",
   "execution_count": 45,
   "metadata": {},
   "outputs": [
    {
     "data": {
      "text/html": [
       "<div>\n",
       "<style>\n",
       "    .dataframe thead tr:only-child th {\n",
       "        text-align: right;\n",
       "    }\n",
       "\n",
       "    .dataframe thead th {\n",
       "        text-align: left;\n",
       "    }\n",
       "\n",
       "    .dataframe tbody tr th {\n",
       "        vertical-align: top;\n",
       "    }\n",
       "</style>\n",
       "<table border=\"1\" class=\"dataframe\">\n",
       "  <thead>\n",
       "    <tr style=\"text-align: right;\">\n",
       "      <th></th>\n",
       "      <th>Bond</th>\n",
       "      <th>Int_Growth</th>\n",
       "      <th>Metals</th>\n",
       "      <th>Stock</th>\n",
       "      <th>Int_Value</th>\n",
       "      <th>REIT</th>\n",
       "    </tr>\n",
       "  </thead>\n",
       "  <tbody>\n",
       "    <tr>\n",
       "      <th>0</th>\n",
       "      <td>1.0130</td>\n",
       "      <td>-0.0079</td>\n",
       "      <td>0.0203</td>\n",
       "      <td>-0.0146</td>\n",
       "      <td>-0.0084</td>\n",
       "      <td>0.0114</td>\n",
       "    </tr>\n",
       "    <tr>\n",
       "      <th>1</th>\n",
       "      <td>-0.0079</td>\n",
       "      <td>1.5142</td>\n",
       "      <td>0.5153</td>\n",
       "      <td>0.3572</td>\n",
       "      <td>0.4678</td>\n",
       "      <td>0.3617</td>\n",
       "    </tr>\n",
       "    <tr>\n",
       "      <th>2</th>\n",
       "      <td>0.0203</td>\n",
       "      <td>0.5153</td>\n",
       "      <td>2.1815</td>\n",
       "      <td>0.3348</td>\n",
       "      <td>0.4790</td>\n",
       "      <td>0.3960</td>\n",
       "    </tr>\n",
       "    <tr>\n",
       "      <th>3</th>\n",
       "      <td>-0.0146</td>\n",
       "      <td>0.3572</td>\n",
       "      <td>0.3348</td>\n",
       "      <td>1.3233</td>\n",
       "      <td>0.3374</td>\n",
       "      <td>0.3526</td>\n",
       "    </tr>\n",
       "    <tr>\n",
       "      <th>4</th>\n",
       "      <td>-0.0084</td>\n",
       "      <td>0.4678</td>\n",
       "      <td>0.4790</td>\n",
       "      <td>0.3374</td>\n",
       "      <td>1.4456</td>\n",
       "      <td>0.3467</td>\n",
       "    </tr>\n",
       "    <tr>\n",
       "      <th>5</th>\n",
       "      <td>0.0114</td>\n",
       "      <td>0.3617</td>\n",
       "      <td>0.3960</td>\n",
       "      <td>0.3526</td>\n",
       "      <td>0.3467</td>\n",
       "      <td>1.6877</td>\n",
       "    </tr>\n",
       "  </tbody>\n",
       "</table>\n",
       "</div>"
      ],
      "text/plain": [
       "     Bond  Int_Growth  Metals   Stock  Int_Value    REIT\n",
       "0  1.0130     -0.0079  0.0203 -0.0146    -0.0084  0.0114\n",
       "1 -0.0079      1.5142  0.5153  0.3572     0.4678  0.3617\n",
       "2  0.0203      0.5153  2.1815  0.3348     0.4790  0.3960\n",
       "3 -0.0146      0.3572  0.3348  1.3233     0.3374  0.3526\n",
       "4 -0.0084      0.4678  0.4790  0.3374     1.4456  0.3467\n",
       "5  0.0114      0.3617  0.3960  0.3526     0.3467  1.6877"
      ]
     },
     "execution_count": 45,
     "metadata": {},
     "output_type": "execute_result"
    }
   ],
   "source": [
    "line1 = [1.0130,-0.0079,0.0203,-0.0146,-0.0084,0.0114]\n",
    "line2 = [-0.0079,1.5142,0.5153,0.3572,0.4678,0.3617]\n",
    "line3 = [0.0203,0.5153,2.1815,0.3348,0.4790,0.3960]\n",
    "line4 = [-0.0146,0.3572,0.3348,1.3233,0.3374,0.3526]\n",
    "line5 = [-0.0084,0.4678,0.4790,0.3374,1.4456,0.3467]\n",
    "line6 = [0.0114,0.3617,0.3960,0.3526,0.3467,1.6877]\n",
    "cov_m = np.matrix([line1,line2,line3,line4,line5,line6])\n",
    "# cov_m.columns = ['Bond','Int_Growth','Metals','Stock','Int_Value','REIT']\n",
    "pd.DataFrame(cov_m,columns = ['Bond','Int_Growth','Metals','Stock','Int_Value','REIT'])"
   ]
  },
  {
   "cell_type": "code",
   "execution_count": 40,
   "metadata": {},
   "outputs": [
    {
     "data": {
      "text/html": [
       "<div>\n",
       "<style>\n",
       "    .dataframe thead tr:only-child th {\n",
       "        text-align: right;\n",
       "    }\n",
       "\n",
       "    .dataframe thead th {\n",
       "        text-align: left;\n",
       "    }\n",
       "\n",
       "    .dataframe tbody tr th {\n",
       "        vertical-align: top;\n",
       "    }\n",
       "</style>\n",
       "<table border=\"1\" class=\"dataframe\">\n",
       "  <thead>\n",
       "    <tr style=\"text-align: right;\">\n",
       "      <th></th>\n",
       "      <th>0</th>\n",
       "      <th>1</th>\n",
       "      <th>2</th>\n",
       "      <th>3</th>\n",
       "      <th>4</th>\n",
       "      <th>5</th>\n",
       "    </tr>\n",
       "  </thead>\n",
       "  <tbody>\n",
       "    <tr>\n",
       "      <th>0</th>\n",
       "      <td>0.987819</td>\n",
       "      <td>0.006401</td>\n",
       "      <td>-0.012562</td>\n",
       "      <td>0.013029</td>\n",
       "      <td>0.007011</td>\n",
       "      <td>-0.009259</td>\n",
       "    </tr>\n",
       "    <tr>\n",
       "      <th>1</th>\n",
       "      <td>0.006401</td>\n",
       "      <td>0.802247</td>\n",
       "      <td>-0.118060</td>\n",
       "      <td>-0.120375</td>\n",
       "      <td>-0.172275</td>\n",
       "      <td>-0.083737</td>\n",
       "    </tr>\n",
       "    <tr>\n",
       "      <th>2</th>\n",
       "      <td>-0.012562</td>\n",
       "      <td>-0.118060</td>\n",
       "      <td>0.530894</td>\n",
       "      <td>-0.057582</td>\n",
       "      <td>-0.108800</td>\n",
       "      <td>-0.064801</td>\n",
       "    </tr>\n",
       "    <tr>\n",
       "      <th>3</th>\n",
       "      <td>0.013029</td>\n",
       "      <td>-0.120375</td>\n",
       "      <td>-0.057582</td>\n",
       "      <td>0.863596</td>\n",
       "      <td>-0.115266</td>\n",
       "      <td>-0.117526</td>\n",
       "    </tr>\n",
       "    <tr>\n",
       "      <th>4</th>\n",
       "      <td>0.007011</td>\n",
       "      <td>-0.172275</td>\n",
       "      <td>-0.108800</td>\n",
       "      <td>-0.115266</td>\n",
       "      <td>0.830682</td>\n",
       "      <td>-0.084161</td>\n",
       "    </tr>\n",
       "    <tr>\n",
       "      <th>5</th>\n",
       "      <td>-0.009259</td>\n",
       "      <td>-0.083737</td>\n",
       "      <td>-0.064801</td>\n",
       "      <td>-0.117526</td>\n",
       "      <td>-0.084161</td>\n",
       "      <td>0.667578</td>\n",
       "    </tr>\n",
       "  </tbody>\n",
       "</table>\n",
       "</div>"
      ],
      "text/plain": [
       "          0         1         2         3         4         5\n",
       "0  0.987819  0.006401 -0.012562  0.013029  0.007011 -0.009259\n",
       "1  0.006401  0.802247 -0.118060 -0.120375 -0.172275 -0.083737\n",
       "2 -0.012562 -0.118060  0.530894 -0.057582 -0.108800 -0.064801\n",
       "3  0.013029 -0.120375 -0.057582  0.863596 -0.115266 -0.117526\n",
       "4  0.007011 -0.172275 -0.108800 -0.115266  0.830682 -0.084161\n",
       "5 -0.009259 -0.083737 -0.064801 -0.117526 -0.084161  0.667578"
      ]
     },
     "execution_count": 40,
     "metadata": {},
     "output_type": "execute_result"
    }
   ],
   "source": [
    "inv_c = np.linalg.inv(cov_m)\n",
    "pd.DataFrame(inv_c)"
   ]
  },
  {
   "cell_type": "code",
   "execution_count": 50,
   "metadata": {},
   "outputs": [
    {
     "data": {
      "text/html": [
       "<div>\n",
       "<style>\n",
       "    .dataframe thead tr:only-child th {\n",
       "        text-align: right;\n",
       "    }\n",
       "\n",
       "    .dataframe thead th {\n",
       "        text-align: left;\n",
       "    }\n",
       "\n",
       "    .dataframe tbody tr th {\n",
       "        vertical-align: top;\n",
       "    }\n",
       "</style>\n",
       "<table border=\"1\" class=\"dataframe\">\n",
       "  <thead>\n",
       "    <tr style=\"text-align: right;\">\n",
       "      <th></th>\n",
       "      <th>0</th>\n",
       "    </tr>\n",
       "  </thead>\n",
       "  <tbody>\n",
       "    <tr>\n",
       "      <th>0</th>\n",
       "      <td>0.265794</td>\n",
       "    </tr>\n",
       "    <tr>\n",
       "      <th>1</th>\n",
       "      <td>0.276212</td>\n",
       "    </tr>\n",
       "    <tr>\n",
       "      <th>2</th>\n",
       "      <td>-0.157299</td>\n",
       "    </tr>\n",
       "    <tr>\n",
       "      <th>3</th>\n",
       "      <td>0.477836</td>\n",
       "    </tr>\n",
       "    <tr>\n",
       "      <th>4</th>\n",
       "      <td>-0.018303</td>\n",
       "    </tr>\n",
       "    <tr>\n",
       "      <th>5</th>\n",
       "      <td>0.155761</td>\n",
       "    </tr>\n",
       "  </tbody>\n",
       "</table>\n",
       "</div>"
      ],
      "text/plain": [
       "          0\n",
       "0  0.265794\n",
       "1  0.276212\n",
       "2 -0.157299\n",
       "3  0.477836\n",
       "4 -0.018303\n",
       "5  0.155761"
      ]
     },
     "execution_count": 50,
     "metadata": {},
     "output_type": "execute_result"
    }
   ],
   "source": [
    "def tangency_portfolio(m, C, Rf):\n",
    "    def objective_func(weights):\n",
    "        weight = np.append(weights, 1 - weights.sum())\n",
    "        return - (weight @ m - Rf)/(math.sqrt(weight@C@weight))\n",
    "    init = (np.ones(len(m)-1)/(len(m)-1))\n",
    "    result = optimize.minimize(objective_func, init)\n",
    "    if result.status == 0: \n",
    "        return np.append(result.x, 1-result.x.sum())\n",
    "    else:\n",
    "        print('Fail to find')\n",
    "optimal_w = tangency_portfolio(mean_v[0:-1],cov_m,mean_v[-1])\n",
    "pd.DataFrame(optimal_w)"
   ]
  },
  {
   "cell_type": "markdown",
   "metadata": {},
   "source": [
    "### Question 2\n",
    "\n",
    "I add something"
   ]
  },
  {
   "cell_type": "code",
   "execution_count": null,
   "metadata": {
    "collapsed": true
   },
   "outputs": [],
   "source": []
  }
 ],
 "metadata": {
  "kernelspec": {
   "display_name": "Python 3",
   "language": "python",
   "name": "python3"
  },
  "language_info": {
   "codemirror_mode": {
    "name": "ipython",
    "version": 3
   },
   "file_extension": ".py",
   "mimetype": "text/x-python",
   "name": "python",
   "nbconvert_exporter": "python",
   "pygments_lexer": "ipython3",
   "version": "3.6.1"
  }
 },
 "nbformat": 4,
 "nbformat_minor": 2
}
